p wcnf 431 2026 2026
2026 1 -122 0
2026 1 -153 0
2026 -21 -268 0
2026 -359 -27 0
2026 -234 238 0
2026 -345 343 0
2026 -152 36 0
2026 -3 -178 0
2026 -22 -297 0
2026 -39 -174 0
2026 32 1 33 164 -2 31 0
2026 -321 39 0
2026 -112 27 0
2026 -136 140 0
2026 8 -425 0
2026 160 38 39 -2 -37 -1 0
2026 -30 -262 0
2026 -32 -144 0
2026 424 -11 0
2026 -18 -305 0
2026 -31 -332 0
2026 -58 49 52 53 54 56 57 0
2026 128 -119 0
2026 -144 33 0
2026 3 9 11 -176 -175 177 -10 0
2026 254 0
2026 -23 -365 -27 0
2026 -32 33 8 -12 214 31 0
2026 88 0
2026 20 -268 0
2026 80 -21 0
2026 -247 -29 0
2026 128 0
2026 -27 39 -23 -38 -37 349 0
2026 -304 29 0
2026 416 -417 415 0
2026 -32 -206 0
2026 -192 -3 0
2026 421 0
2026 -361 31 0
2026 -5 -388 0
2026 58 -49 0
2026 -31 -270 0
2026 257 34 36 17 -13 -35 0
2026 -23 -27 -418 0
2026 -382 7 0
2026 -269 -28 0
2026 37 38 39 -12 -8 250 0
2026 -181 38 0
2026 -427 -10 0
2026 33 -228 0
2026 154 -153 0
2026 -368 31 0
2026 35 -23 362 27 -36 -34 0
2026 153 38 -2 -39 -37 -1 0
2026 -76 -17 0
2026 8 -243 0
2026 -79 18 0
2026 288 261 295 268 275 -296 282 0
2026 -5 389 0
2026 9 10 49 -12 -11 0
2026 -199 203 0
2026 37 39 -12 -8 -38 216 0
2026 1 -124 0
2026 -263 -33 0
2026 422 425 426 427 429 430 -431 0
2026 -291 -35 0
2026 -287 283 284 285 286 0
2026 170 0
2026 9 11 -428 -10 0
2026 234 235 236 237 -238 0
2026 -208 7 0
2026 16 -233 0
2026 259 -261 0
2026 -367 28 0
2026 37 38 188 -7 -39 -3 0
2026 -264 -36 0
2026 -240 14 0
2026 -95 19 20 -21 0
2026 -373 -27 0
2026 -24 26 -100 -25 0
2026 18 302 0
2026 -46 -13 412 -17 0
2026 -28 -227 0
2026 -30 -28 13 17 276 29 0
2026 -3 -193 0
2026 254 -233 0
2026 -176 -7 -3 0
2026 -156 6 0
2026 32 33 3 206 -7 31 0
2026 -206 -33 0
2026 -30 -339 0
2026 -7 -3 382 0
2026 338 -330 0
2026 -219 254 0
2026 -32 -332 0
2026 -32 -158 0
2026 -29 -157 0
2026 -37 -314 0
2026 -31 -290 0
2026 -181 7 0
2026 -193 7 0
2026 -208 209 0
2026 357 -355 0
2026 -288 19 0
2026 -334 -38 0
2026 324 330 -338 303 337 310 317 0
2026 274 13 0
2026 21 -282 0
2026 48 -420 0
2026 88 -84 0
2026 -318 322 0
2026 27 351 0
2026 3 -194 0
2026 35 36 17 -13 285 -34 0
2026 -22 -333 0
2026 -36 -369 0
2026 -13 -274 -17 0
2026 -283 -17 0
2026 353 354 355 356 -357 0
2026 -368 27 0
2026 -247 -28 0
2026 -247 -30 0
2026 -7 -194 0
2026 336 -337 0
2026 37 39 -22 300 -18 -38 0
2026 -8 -239 -12 0
2026 -29 -276 0
2026 8 3 -428 429 0
2026 -62 68 0
2026 -29 -269 0
2026 78 -73 0
2026 -359 42 0
2026 -102 108 0
2026 147 -149 0
2026 -368 371 0
2026 -316 -315 -26 22 24 25 317 0
2026 -16 71 0
2026 -328 37 0
2026 -224 220 221 222 223 0
2026 -8 -234 0
2026 -56 -7 0
2026 -150 154 0
2026 387 -385 0
2026 -311 315 0
2026 -6 -124 0
2026 -184 182 0
2026 -216 -39 0
2026 -303 -26 0
2026 -32 -151 0
2026 -94 -20 0
2026 34 35 355 -23 27 -36 0
2026 33 -354 0
2026 296 -275 0
2026 10 11 204 -203 -9 -7 -3 0
2026 33 -186 0
2026 -383 387 0
2026 147 -146 0
2026 233 12 14 15 -16 -232 -231 0
2026 -72 12 0
2026 -62 60 0
2026 -292 293 0
2026 -400 401 0
2026 -26 111 0
2026 24 110 0
2026 -32 -193 0
2026 2 148 0
2026 27 -386 0
2026 22 -89 0
2026 2 155 0
2026 38 -258 0
2026 -8 -12 -225 0
2026 -126 -3 0
2026 394 -4 0
2026 384 385 386 -387 381 382 383 0
2026 32 -31 33 -27 368 23 0
2026 -24 105 0
2026 -20 -19 268 -13 21 -266 -267 0
2026 -29 -227 0
2026 3 -202 0
2026 296 -261 0
2026 -153 39 0
2026 -367 -29 0
2026 -400 1 0
2026 -425 423 0
2026 -117 -27 0
2026 -56 58 0
2026 -157 -1 0
2026 -157 -2 0
2026 10 12 53 -11 -9 0
2026 34 36 12 215 -8 -35 0
2026 -200 -33 0
2026 3 -204 0
2026 -333 -36 0
2026 -331 335 0
2026 -32 -31 33 -27 23 347 0
2026 -246 12 0
2026 -35 -369 0
2026 -77 -12 0
2026 -336 -22 -18 0
2026 -20 -282 0
2026 1 2 -28 157 29 30 0
2026 8 -229 0
2026 -375 -27 0
2026 -392 6 0
2026 360 361 362 363 -364 0
2026 -204 7 0
2026 -136 -1 0
2026 -136 -2 0
2026 -256 -33 0
2026 -22 -317 0
2026 338 -337 0
2026 -132 133 0
2026 -216 217 0
2026 -310 338 0
2026 -16 -64 0
2026 -15 -233 0
2026 -255 29 0
2026 16 -15 -14 -60 0
2026 27 -372 0
2026 98 -92 0
2026 -127 -3 0
2026 -242 -33 0
2026 -291 -17 0
2026 24 100 0
2026 344 -345 0
2026 18 -385 0
2026 -192 28 0
2026 17 281 0
2026 -54 7 0
2026 217 -213 0
2026 28 -276 0
2026 -29 339 23 27 28 30 0
2026 251 -249 0
2026 -356 39 0
2026 -142 141 0
2026 -245 241 242 243 244 0
2026 34 -285 0
2026 -30 -283 0
2026 -360 364 0
2026 -13 -260 -17 0
2026 27 -363 0
2026 8 -236 0
2026 -333 335 0
2026 -410 411 46 0
2026 80 -82 0
2026 -289 -17 0
2026 35 -138 0
2026 32 -340 0
2026 -403 405 0
2026 28 -241 0
2026 17 -284 0
2026 -27 41 366 -365 -364 -42 -40 0
2026 -38 -230 0
2026 90 19 0
2026 315 -317 0
2026 98 -97 0
2026 -30 -28 360 23 27 29 0
2026 -332 335 0
2026 -39 -370 0
2026 14 16 -15 -13 59 0
2026 -16 -59 0
2026 10 11 12 54 -9 -7 0
2026 -247 -12 0
2026 17 274 0
2026 58 0
2026 -29 297 18 22 28 30 0
2026 -31 -186 0
2026 -305 -33 0
2026 -281 -280 -21 -19 -17 20 282 0
2026 183 7 0
2026 -40 -359 0
2026 329 -327 0
2026 -244 245 0
2026 4 -393 0
2026 -286 37 0
2026 -40 -345 0
2026 8 10 11 427 -9 -3 0
2026 209 -211 0
2026 -84 -20 0
2026 411 412 -413 0
2026 -344 -23 -27 0
2026 385 -22 -18 0
2026 154 -156 0
2026 -23 -106 0
2026 36 -187 0
2026 -240 239 0
2026 -29 -28 262 13 17 30 0
2026 -132 38 0
2026 -13 -283 0
2026 -8 -427 0
2026 -5 -169 0
2026 324 -26 -24 -22 25 -323 -322 0
2026 9 423 0
2026 -311 -28 0
2026 -16 -246 0
2026 -264 13 0
2026 -22 -331 0
2026 418 23 0
2026 32 -179 0
2026 -23 -374 0
2026 -39 -139 0
2026 17 260 0
2026 -5 -393 0
2026 1 -146 0
2026 17 -263 0
2026 210 7 0
2026 32 -263 0
2026 -183 -182 11 -10 -9 184 -3 0
2026 -261 20 0
2026 -16 -70 -14 15 0
2026 -342 -37 0
2026 -84 13 0
2026 33 -319 0
2026 -333 -34 0
2026 -320 18 0
2026 12 -74 0
2026 56 -55 12 7 0
2026 -149 -2 0
2026 232 -233 0
2026 -23 -361 0
2026 13 -257 0
2026 -191 11 0
2026 -29 -28 304 18 22 30 0
2026 -1 -129 0
2026 -2 -129 0
2026 403 44 -402 0
2026 35 -341 0
2026 2 396 7 0
2026 -64 68 0
2026 -308 304 305 306 307 0
2026 -179 182 0
2026 -264 -17 0
2026 101 -25 0
2026 -275 -19 0
2026 115 -25 0
2026 -368 -33 0
2026 -215 -12 0
2026 27 -109 0
2026 -303 302 0
2026 1 155 0
2026 8 252 0
2026 2 4 5 -148 -147 149 -6 0
2026 -412 413 0
2026 -256 259 0
2026 2 -132 0
2026 -317 316 0
2026 -48 -23 420 -27 0
2026 269 270 -273 272 271 0
2026 25 105 0
2026 -404 44 0
2026 -39 -349 0
2026 -112 22 0
2026 -8 -227 0
2026 -13 -269 0
2026 -311 -18 0
2026 -195 7 0
2026 425 -424 -8 -423 -3 0
2026 331 18 22 28 29 30 0
2026 -94 -22 0
2026 -7 -3 -210 0
2026 -135 -6 0
2026 -63 68 0
2026 -6 -169 0
2026 -23 -103 0
2026 199 200 201 202 -203 0
2026 22 -305 0
2026 -97 -17 0
2026 -39 -307 0
2026 -29 -331 0
2026 8 -216 0
2026 32 -137 0
2026 -199 -30 0
2026 -39 -286 0
2026 -30 -331 0
2026 90 21 0
2026 -112 111 0
2026 32 -31 319 -22 18 -33 0
2026 -27 -355 0
2026 -216 38 0
2026 -311 -29 0
2026 -227 231 0
2026 -8 -45 -12 408 0
2026 -372 -41 0
2026 29 -346 0
2026 -272 273 0
2026 136 137 138 139 -140 0
2026 -207 -34 0
2026 -39 -250 0
2026 6 142 -141 -140 -5 -4 -1 0
2026 -36 -306 0
2026 -29 3 -28 7 178 30 0
2026 -251 247 248 249 250 0
2026 -348 -36 0
2026 29 -129 0
2026 -174 175 0
2026 -91 -90 -22 -17 92 0
2026 91 -20 0
2026 410 13 0
2026 417 0
2026 -135 5 0
2026 -32 -200 0
2026 -19 18 -13 20 21 84 0
2026 73 15 -16 17 -14 0
2026 80 20 0
2026 -118 109 112 113 114 116 117 0
2026 2 -162 0
2026 415 -414 47 0
2026 -340 -33 0
2026 -376 -37 0
2026 224 -220 0
2026 81 19 0
2026 378 23 0
2026 37 -363 0
2026 -327 18 0
2026 -214 12 0
2026 -315 311 312 313 314 0
2026 26 115 0
2026 -16 -74 0
2026 24 -310 0
2026 -54 -11 0
2026 -120 -5 -4 6 0
2026 -171 175 0
2026 -7 -171 0
2026 8 -226 0
2026 -8 -248 0
2026 -7 -173 0
2026 -352 350 0
2026 -319 22 0
2026 -37 -250 0
2026 -222 35 0
2026 -198 7 0
2026 -34 -257 0
2026 301 -298 0
2026 350 -346 0
2026 11 -53 0
2026 21 20 -19 -91 0
2026 120 -122 0
2026 -72 17 0
2026 261 -20 13 19 21 -260 -259 0
2026 -152 -2 0
2026 -7 -197 -3 0
2026 38 39 202 -7 -37 -3 0
2026 4 5 6 169 -168 -167 0
2026 34 -138 0
2026 27 -347 0
2026 -286 13 0
2026 27 116 -115 22 0
2026 8 225 0
2026 -54 -12 0
2026 -204 -11 0
2026 -158 -1 0
2026 40 -372 0
2026 37 38 146 -2 -39 -1 0
2026 -188 39 0
2026 -341 -27 0
2026 -216 -37 0
2026 -328 18 0
2026 389 6 0
2026 -288 296 0
2026 -39 -334 0
2026 98 0
2026 -36 -291 0
2026 -429 -3 0
2026 -200 7 0
2026 61 14 0
2026 -28 -331 0
2026 -32 -270 0
2026 32 -31 33 13 -17 284 0
2026 -30 -346 0
2026 -143 -28 0
2026 196 -193 0
2026 24 -114 0
2026 205 206 -209 208 207 0
2026 -12 -57 0
2026 8 232 0
2026 371 -372 0
2026 -248 -31 0
2026 -150 -29 0
2026 -72 78 0
2026 34 35 229 12 -8 -36 0
2026 -174 7 0
2026 81 -82 0
2026 -240 -15 0
2026 3 -195 0
2026 -28 8 12 241 29 30 0
2026 -188 189 0
2026 -303 -18 0
2026 -268 13 0
2026 -142 140 0
2026 -230 231 0
2026 212 -204 0
2026 70 14 0
2026 -369 23 0
2026 -217 213 214 215 216 0
2026 -5 -156 0
2026 377 -373 0
2026 -391 397 0
2026 10 -426 0
2026 -160 37 0
2026 -29 13 17 28 30 255 0
2026 147 -145 0
2026 32 -130 0
2026 -419 421 0
2026 -246 254 0
2026 281 13 0
2026 -399 401 0
2026 26 -113 0
2026 32 13 270 -17 31 -33 0
2026 -255 -17 0
2026 -229 -34 0
2026 -24 25 26 -101 0
2026 -15 -74 0
2026 37 38 -22 -18 -39 314 0
2026 4 390 0
2026 140 -139 0
2026 -103 -26 0
2026 3 -425 0
2026 58 -53 0
2026 96 97 -98 89 92 93 94 0
2026 19 -93 0
2026 40 -366 0
2026 -3 -123 0
2026 -136 29 0
2026 357 -354 0
2026 -333 -35 0
2026 -222 -12 0
2026 -30 -297 0
2026 -87 -13 0
2026 17 410 0
2026 -64 14 0
2026 -415 414 0
2026 -28 -297 0
2026 1 2 -30 143 28 29 0
2026 -152 1 0
2026 -130 -1 0
2026 57 12 7 0
2026 -109 -25 0
2026 32 -31 33 8 242 -12 0
2026 -378 -377 40 41 42 379 0
2026 -278 -17 0
2026 -284 -33 0
2026 -28 -129 0
2026 -144 147 0
2026 -20 -89 0
2026 108 -99 0
2026 155 -156 0
2026 -276 -17 0
2026 -22 -116 0
2026 210 3 0
2026 -7 -393 0
2026 -37 -188 0
2026 -295 -21 0
2026 -173 35 0
2026 -8 -12 383 0
2026 18 -330 0
2026 -7 -205 0
2026 90 -20 0
2026 -106 -18 0
2026 -211 -10 0
2026 -275 -17 0
2026 -38 -314 0
2026 105 -106 0
2026 5 -123 0
2026 -28 325 18 22 29 30 0
2026 -35 -194 0
2026 12 -244 0
2026 39 -22 -18 307 -38 -37 0
2026 -31 -130 0
2026 -262 -13 0
2026 322 -321 0
2026 380 0
2026 1 -142 0
2026 -61 -60 -13 -8 62 0
2026 338 0
2026 17 -286 0
2026 3 190 0
2026 3 7 205 28 29 30 0
2026 -334 335 0
2026 34 35 36 -23 375 27 0
2026 -359 358 0
2026 3 183 0
2026 273 -270 0
2026 -21 20 -19 -90 0
2026 -32 1 -31 33 137 -2 0
2026 8 426 11 -10 -9 0
2026 -8 -12 -252 0
2026 26 -317 0
2026 -349 37 0
2026 15 -16 -239 -14 -238 -12 240 0
2026 -407 409 0
2026 34 35 36 291 17 -13 0
2026 1 -166 0
2026 -352 351 0
2026 -73 -17 0
2026 323 -324 0
2026 -180 182 0
2026 -226 254 0
2026 34 -348 0
2026 -30 -325 0
2026 -151 -1 0
2026 -150 -1 0
2026 -150 -2 0
2026 14 71 0
2026 -242 31 0
2026 -415 417 0
2026 -10 55 0
2026 28 -283 0
2026 13 -258 0
2026 -63 14 0
2026 16 75 0
2026 38 -17 -13 279 -39 -37 0
2026 -328 -38 0
2026 -262 266 0
2026 -24 -317 0
2026 65 -14 0
2026 -16 60 0
2026 -38 -370 0
2026 -173 3 0
2026 322 -324 0
2026 -152 34 0
2026 -271 -17 0
2026 8 -62 0
2026 1 -132 0
2026 35 -257 0
2026 -211 -9 0
2026 -169 167 0
2026 -38 -153 0
2026 -96 -17 0
2026 -32 -277 0
2026 -332 22 0
2026 -24 -22 330 -18 -329 25 26 0
2026 -116 -27 0
2026 -15 -246 0
2026 -26 -24 113 25 27 0
2026 -320 36 0
2026 -31 -214 0
2026 35 36 327 -18 22 -34 0
2026 24 101 0
2026 -24 104 -18 23 25 26 0
2026 -13 -281 -17 0
2026 -12 -249 0
2026 289 13 17 28 29 30 0
2026 17 -412 0
2026 -23 -346 0
2026 60 15 0
2026 132 37 39 -2 -38 -1 0
2026 -36 -243 0
2026 -14 -219 0
2026 -11 -177 0
2026 -421 419 420 0
2026 -52 7 0
2026 -374 27 0
2026 120 -6 0
2026 -199 28 0
2026 -173 -36 0
2026 -285 13 0
2026 27 -370 0
2026 -392 397 0
2026 2 398 0
2026 -327 -36 0
2026 -39 -223 0
2026 36 -362 0
2026 -202 7 0
2026 -179 -3 0
2026 -104 -26 0
2026 -187 189 0
2026 27 -349 0
2026 -23 -354 0
2026 -141 -1 -2 0
2026 160 159 157 158 -161 0
2026 8 67 13 0
2026 321 38 -22 -18 -39 -37 0
2026 -32 -368 0
2026 98 -93 0
2026 -429 428 0
2026 -311 -22 0
2026 -388 7 0
2026 397 0
2026 -248 251 0
2026 -8 -66 0
2026 -86 -18 0
2026 192 193 194 195 -196 0
2026 24 -113 0
2026 431 0
2026 32 228 8 -12 31 -33 0
2026 196 -195 0
2026 245 -242 0
2026 32 33 290 13 -17 31 0
2026 34 36 7 173 -3 -35 0
2026 3 -188 0
2026 -39 -300 0
2026 384 -13 -17 0
2026 -31 -206 0
2026 1 -131 0
2026 -264 266 0
2026 34 36 -23 341 27 -35 0
2026 -247 251 0
2026 -347 350 0
2026 -29 -353 0
2026 -26 -337 0
2026 2 395 -394 7 0
2026 9 -54 0
2026 -36 -299 0
2026 100 -26 0
2026 -15 -73 0
2026 19 -84 0
2026 -214 -33 0
2026 -188 7 0
2026 -21 -83 0
2026 -283 287 0
2026 -416 22 0
2026 -195 37 0
2026 80 19 0
2026 98 -89 0
2026 108 -107 0
2026 -326 -18 0
2026 -381 387 0
2026 224 -222 0
2026 297 298 299 300 -301 0
2026 -255 259 0
2026 -342 27 0
2026 -6 -123 0
2026 -256 -13 0
2026 -23 -353 0
2026 -8 -430 0
2026 225 12 0
2026 -307 22 0
2026 35 36 -23 369 27 -34 0
2026 -304 308 0
2026 -237 39 0
2026 34 35 36 12 -8 249 0
2026 301 -297 0
2026 -6 -142 0
2026 -327 -22 0
2026 -423 11 -10 -9 0
2026 -298 22 0
2026 -3 -185 0
2026 -352 380 0
2026 -181 3 0
2026 280 -276 0
2026 -38 -286 0
2026 -318 -29 0
2026 316 22 0
2026 -427 -11 0
2026 -376 -38 0
2026 -208 -38 0
2026 424 -10 0
2026 -271 13 0
2026 -146 39 0
2026 34 -180 0
2026 -8 -214 0
2026 -37 -132 0
2026 -359 357 0
2026 -191 190 0
2026 3 197 0
2026 -143 30 0
2026 133 -130 0
2026 -284 287 0
2026 301 -299 0
2026 -272 39 0
2026 17 -290 0
2026 -318 30 0
2026 2 -393 0
2026 -320 -35 0
2026 352 -351 -350 -23 42 -41 -40 0
2026 351 23 0
2026 -233 231 0
2026 90 -92 0
2026 402 -403 0
2026 -29 -373 0
2026 -407 406 0
2026 -422 -9 0
2026 371 -369 0
2026 356 37 -27 38 -23 -39 0
2026 245 -241 0
2026 -16 -226 0
2026 -164 -33 0
2026 -184 -11 0
2026 -248 12 0
2026 217 -214 0
2026 -135 170 0
2026 -375 -34 0
2026 26 -109 0
2026 -27 -23 42 41 -371 372 -40 0
2026 -255 -13 0
2026 -28 -353 0
2026 -228 231 0
2026 -179 7 0
2026 -391 7 0
2026 308 -307 0
2026 18 309 0
2026 110 -25 0
2026 18 -314 0
2026 85 -19 0
2026 -195 39 0
2026 -416 47 0
2026 8 12 247 28 29 30 0
2026 34 -278 0
2026 428 -9 0
2026 -244 37 0
2026 227 228 229 230 -231 0
2026 37 -321 0
2026 -174 38 0
2026 -63 -13 0
2026 162 5 6 -2 -4 -1 -161 0
2026 1 398 0
2026 -24 -109 0
2026 364 -361 0
2026 -104 108 0
2026 -359 -41 0
2026 190 7 0
2026 -40 -379 0
2026 260 13 0
2026 -408 12 0
2026 -412 46 0
2026 26 -324 0
2026 403 404 -405 0
2026 27 -354 0
2026 -208 -37 0
2026 68 -67 0
2026 280 -278 0
2026 -8 -232 -12 0
2026 36 -194 0
2026 -28 367 23 27 29 30 0
2026 -56 55 0
2026 -22 -18 -414 0
2026 302 22 0
2026 -318 28 0
2026 -271 -34 0
2026 -103 108 0
2026 8 66 13 -65 0
2026 -38 -356 0
2026 -27 38 -23 363 -39 -37 0
2026 -23 -27 -378 0
2026 1 3 127 0
2026 -255 -30 0
2026 -330 -26 0
2026 -255 -28 0
2026 -5 4 -125 6 0
2026 -25 -24 -309 -308 -18 310 26 0
2026 -117 118 0
2026 -34 -313 0
2026 -172 175 0
2026 -28 -339 0
2026 -7 -207 0
2026 34 -236 0
2026 9 10 11 -210 -209 211 0
2026 40 -343 42 -344 23 -41 345 0
2026 -19 -17 20 21 22 94 0
2026 69 72 73 74 76 77 -78 0
2026 9 -53 0
2026 -83 -18 0
2026 27 365 0
2026 3 5 6 124 -4 -1 0
2026 -4 -169 0
2026 309 22 0
2026 37 -265 0
2026 -172 7 0
2026 -8 -235 0
2026 364 -362 0
2026 -388 397 0
2026 18 -307 0
2026 -288 -21 0
2026 81 -20 0
2026 259 -258 0
2026 32 -214 0
2026 -406 45 407 0
2026 -84 -18 0
2026 22 -385 0
2026 88 -83 0
2026 51 -11 0
2026 -305 31 0
2026 -303 301 0
2026 -13 -290 0
2026 32 -31 33 326 -22 18 0
2026 315 -313 0
2026 -184 9 0
2026 -288 -20 0
2026 24 111 0
2026 -22 -93 0
2026 -31 -340 0
2026 -279 13 0
2026 35 -306 0
2026 -213 29 0
2026 -15 70 0
2026 -177 -9 0
2026 35 -348 0
2026 -300 22 0
2026 -399 398 0
2026 -312 315 0
2026 -279 -38 0
2026 296 -282 0
2026 -156 4 0
2026 68 0
2026 111 -25 0
2026 -13 -410 -17 0
2026 -285 287 0
2026 2 35 -1 152 -36 -34 0
2026 -165 -36 0
2026 3 -427 0
2026 -32 -319 0
2026 2 -137 0
2026 60 14 0
2026 -150 30 0
2026 -28 13 17 283 29 30 0
2026 -1 -137 0
2026 377 -379 0
2026 2 35 34 145 -36 -1 0
2026 -139 38 0
2026 -44 -403 0
2026 9 10 -55 -11 0
2026 20 -83 0
2026 -174 3 0
2026 431 -425 0
2026 -422 431 0
2026 -74 14 0
2026 -28 -163 0
2026 293 -291 0
2026 105 -26 0
2026 33 -277 0
2026 2 -130 0
2026 -349 23 0
2026 -222 -36 0
2026 120 5 0
2026 30 -234 0
2026 -159 -36 0
2026 -363 23 0
2026 -206 -3 0
2026 -360 28 0
2026 -56 -12 0
2026 -300 38 0
2026 -64 -15 0
2026 -412 13 0
2026 -142 5 0
2026 -379 -41 0
2026 -37 -300 0
2026 -396 397 0
2026 2 -166 0
2026 12 -235 0
2026 -69 78 0
2026 -376 23 0
2026 34 -201 0
2026 -29 -28 8 12 220 30 0
2026 129 130 131 132 -133 0
2026 -27 -113 0
2026 28 -346 0
2026 1 148 0
2026 48 419 -418 0
2026 -411 413 0
2026 18 -102 0
2026 -370 23 0
2026 -375 -36 0
2026 -262 28 0
2026 -256 -31 0
2026 36 -355 0
2026 320 321 318 -322 319 0
2026 192 -30 3 -28 7 29 0
2026 -352 -42 0
2026 -400 2 0
2026 -257 -17 0
2026 18 414 0
2026 -39 -258 0
2026 -29 8 12 213 28 30 0
2026 -312 -18 0
2026 -200 -3 0
2026 -310 308 0
2026 27 -420 0
2026 -295 293 0
2026 -349 350 0
2026 -27 -362 0
2026 -314 22 0
2026 293 -290 0
2026 3 -122 0
2026 -136 -30 0
2026 281 -282 0
2026 -372 -42 0
2026 176 3 0
2026 -377 373 374 375 376 0
2026 262 263 264 265 -266 0
2026 -215 217 0
2026 18 -333 0
2026 28 -234 0
2026 34 -369 0
2026 -276 30 0
2026 -288 287 0
2026 296 -268 0
2026 -27 -353 0
2026 -272 17 0
2026 -356 357 0
2026 -271 36 0
2026 -183 -7 -3 0
2026 17 -94 0
2026 29 -339 0
2026 -136 28 0
2026 -264 35 0
2026 38 237 -12 -8 -39 -37 0
2026 -94 -21 0
2026 -349 38 0
2026 -193 31 0
2026 -172 -3 0
2026 4 -162 0
2026 168 2 0
2026 -376 377 0
2026 -205 -29 0
2026 25 -99 0
2026 -22 -325 0
2026 36 264 17 -13 -35 -34 0
2026 -29 -163 0
2026 -184 10 0
2026 -292 13 0
2026 -46 -411 0
2026 58 -52 0
2026 -124 4 0
2026 -13 -267 -17 0
2026 -88 79 82 83 84 86 87 0
2026 -27 -114 0
2026 -355 -34 0
2026 -119 3 0
2026 -14 75 0
2026 -7 -201 0
2026 -151 31 0
2026 4 6 119 -5 -3 0
2026 13 -82 0
2026 51 -52 0
2026 35 -131 0
2026 -11 -426 0
2026 336 18 0
2026 38 39 -17 -13 -37 286 0
2026 18 -321 0
2026 -424 10 11 -9 0
2026 -94 19 0
2026 344 23 0
2026 224 -221 0
2026 -229 231 0
2026 -152 -35 0
2026 -391 390 0
2026 -5 -149 0
2026 -80 21 -20 -19 0
2026 -22 -21 19 20 89 0
2026 424 -425 0
2026 -94 98 0
2026 12 -250 0
2026 -272 -37 0
2026 378 -379 0
2026 -144 2 0
2026 -143 147 0
2026 -285 -35 0
2026 -63 15 0
2026 397 -393 0
2026 -35 -201 0
2026 -198 196 0
2026 2 -153 0
2026 -27 -339 0
2026 -24 115 0
2026 12 252 0
2026 -224 226 16 -15 -14 -8 -225 0
2026 108 0
2026 400 -401 399 0
2026 24 25 -115 -26 0
2026 -27 -26 109 24 25 0
2026 -229 36 0
2026 -408 409 0
2026 -200 31 0
2026 -253 251 0
2026 -360 -27 0
2026 -16 -63 0
2026 -29 -28 23 346 27 30 0
2026 13 16 -15 -14 63 0
2026 17 -265 0
2026 30 -353 0
2026 -184 183 0
2026 17 -69 0
2026 1 2 -30 -28 150 29 0
2026 -332 -33 0
2026 293 -289 0
2026 170 -156 0
2026 37 38 39 -22 -18 334 0
2026 34 35 -18 22 313 -36 0
2026 -39 -265 0
2026 -76 78 0
2026 -198 212 0
2026 -39 -342 0
2026 414 22 0
2026 -205 -28 0
2026 -7 -395 0
2026 -223 38 0
2026 -362 23 0
2026 118 -113 0
2026 8 -383 0
2026 32 3 -7 186 31 -33 0
2026 -32 33 -27 340 23 31 0
2026 -339 343 0
2026 17 22 97 0
2026 -261 -19 0
2026 1 -159 0
2026 196 -194 0
2026 -23 -358 -27 0
2026 -18 -81 -80 82 -13 0
2026 32 -172 0
2026 39 139 -2 -38 -37 -1 0
2026 14 -73 0
2026 -7 -178 0
2026 -191 189 0
2026 12 406 0
2026 -328 22 0
2026 -8 -220 0
2026 38 39 -12 244 -8 -37 0
2026 8 -222 0
2026 -192 196 0
2026 -213 -28 0
2026 -7 -180 0
2026 -198 197 0
2026 -42 -345 0
2026 14 -226 0
2026 -160 -38 0
2026 -230 12 0
2026 -191 -7 0
2026 -371 367 368 369 370 0
2026 -36 -257 0
2026 8 -250 0
2026 -21 -261 0
2026 424 9 0
2026 75 -76 0
2026 -391 2 0
2026 -54 -10 0
2026 108 -106 0
2026 209 -206 0
2026 -6 390 0
2026 -223 12 0
2026 259 -257 0
2026 -12 -233 0
2026 -114 22 0
2026 -215 -36 0
2026 -284 31 0
2026 10 423 0
2026 -374 -33 0
2026 17 -277 0
2026 280 -277 0
2026 -7 -187 0
2026 329 -325 0
2026 416 -47 -22 -18 0
2026 -312 22 0
2026 -36 -138 0
2026 -126 125 0
2026 -392 4 0
2026 329 -326 0
2026 -6 4 5 -394 0
2026 -270 -13 0
2026 1 -145 0
2026 -24 25 -110 -26 0
2026 17 -292 0
2026 -30 -129 0
2026 -263 -13 0
2026 -204 -10 0
2026 17 -258 0
2026 -144 -1 0
2026 34 35 36 7 207 -3 0
2026 -398 43 399 0
2026 12 239 0
2026 -375 -35 0
2026 2 34 36 131 -35 -1 0
2026 8 -64 0
2026 1 3 -125 126 0
2026 -426 431 0
2026 27 -340 0
2026 203 -204 0
2026 -149 6 0
2026 -383 12 0
2026 413 0
2026 -11 423 0
2026 -243 -35 0
2026 -35 -362 0
2026 329 -330 0
2026 -119 -4 0
2026 400 -43 -1 -2 0
2026 78 -74 0
2026 -275 21 0
2026 170 -169 0
2026 -23 -347 0
2026 -430 431 0
2026 3 -404 0
2026 -102 101 0
2026 28 -178 0
2026 -15 71 0
2026 128 -127 0
2026 -341 23 0
2026 -190 -189 7 9 10 -11 191 0
2026 402 3 0
2026 402 7 0
2026 -13 -66 0
2026 168 -169 0
2026 -376 27 0
2026 12 -242 0
2026 232 12 0
2026 -151 2 0
2026 -144 -31 0
2026 -336 -335 337 24 25 26 0
2026 -32 -374 0
2026 3 -201 0
2026 4 389 0
2026 162 135 169 142 149 -170 156 0
2026 35 17 -13 278 -36 -34 0
2026 -285 -17 0
2026 267 -268 0
2026 -25 303 18 -301 -302 24 26 0
2026 -160 1 0
2026 -337 335 0
2026 -330 -25 0
2026 32 -31 -27 361 23 -33 0
2026 -165 -35 0
2026 19 -83 0
2026 -23 386 -27 0
2026 -246 14 0
2026 -37 -146 0
2026 -32 -312 0
2026 -174 -37 0
2026 34 35 271 17 -13 -36 0
2026 371 -370 0
2026 24 -103 0
2026 -53 -12 0
2026 -32 -242 0
2026 -27 -369 0
2026 -299 -34 0
2026 388 391 392 393 395 396 -397 0
2026 -12 -236 0
2026 18 -300 0
2026 -39 -244 0
2026 -32 33 -22 298 18 31 0
2026 -286 287 0
2026 91 19 0
2026 -184 3 0
2026 -24 -99 0
2026 17 12 -75 76 0
2026 2 141 0
2026 245 -243 0
2026 -278 -35 0
2026 88 -86 0
2026 -38 -195 0
2026 128 -126 0
2026 -14 -59 0
2026 -429 431 0
2026 161 -162 0
2026 65 -66 0
2026 -420 421 0
2026 -32 -31 33 8 -12 221 0
2026 -181 37 0
2026 -39 -181 0
2026 10 11 -51 -9 0
2026 -396 -2 0
2026 -19 95 0
2026 -36 -201 0
2026 -291 13 0
2026 -366 27 0
2026 -4 5 6 -121 0
2026 -114 -26 0
2026 -5 -124 0
2026 -135 -4 0
2026 -32 -248 0
2026 -295 294 0
2026 -22 -316 -18 0
2026 -8 -242 0
2026 2 36 138 -1 -35 -34 0
2026 -192 30 0
2026 -35 -145 0
2026 -39 -132 0
2026 -230 39 0
2026 -326 -33 0
2026 -207 209 0
2026 336 22 0
2026 -6 125 0
2026 99 102 103 104 106 107 -108 0
2026 -34 -249 0
2026 3 -28 7 199 29 30 0
2026 37 38 39 208 -7 -3 0
2026 -30 -373 0
2026 -7 -199 0
2026 -245 15 16 -14 -12 246 -8 0
2026 358 23 0
2026 288 -287 -19 -17 -13 20 21 0
2026 -384 13 0
2026 -7 -185 0
2026 -326 31 0
2026 -343 339 340 341 342 0
2026 3 -180 0
2026 8 -244 0
2026 -223 37 0
2026 -35 -249 0
2026 -147 143 144 145 146 0
2026 17 -270 0
2026 -350 346 347 348 349 0
2026 27 -356 0
2026 5 -154 -155 156 -6 -4 -2 0
2026 -173 -34 0
2026 37 38 230 -12 -8 -39 0
2026 -427 431 0
2026 -348 -27 0
2026 210 -211 0
2026 33 -235 0
2026 18 323 0
2026 35 36 7 201 -3 -34 0
2026 1 -381 0
2026 -24 -303 0
2026 5 6 7 393 -4 -2 0
2026 -31 -164 0
2026 -96 95 0
2026 -400 43 0
2026 -36 -131 0
2026 -367 371 0
2026 -38 -292 0
2026 -386 23 0
2026 203 -201 0
2026 -206 7 0
2026 -37 -356 0
2026 -395 397 0
2026 64 13 15 16 -14 -8 0
2026 39 -12 -8 -38 -37 223 0
2026 -269 -17 0
2026 -77 -17 0
2026 -104 -25 0
2026 -341 -34 0
2026 -173 175 0
2026 -31 -354 0
2026 9 -198 0
2026 -187 -34 0
2026 -20 95 0
2026 -32 33 256 13 -17 31 0
2026 -325 -18 0
2026 170 -162 0
2026 -30 -28 8 234 12 29 0
2026 -366 365 0
2026 -22 -323 -18 0
2026 -30 13 269 17 28 29 0
2026 17 -92 0
2026 36 7 -3 180 -35 -34 0
2026 36 -145 0
2026 118 0
2026 37 -153 0
2026 -23 -340 0
2026 -8 -429 0
2026 128 -122 0
2026 69 14 -17 -16 15 0
2026 8 -215 0
2026 -164 -1 0
2026 2 -158 0
2026 35 -180 0
2026 2 134 0
2026 -191 -10 0
2026 -430 -3 0
2026 -35 -355 0
2026 8 -408 0
2026 -311 30 0
2026 121 4 0
2026 32 -31 193 3 -7 -33 0
2026 -30 227 8 12 28 29 0
2026 -263 31 0
2026 -295 -20 0
2026 -16 65 0
2026 -19 -89 0
2026 24 -324 0
2026 -407 -45 0
2026 -7 -190 -3 0
2026 24 -330 0
2026 -382 3 0
2026 -271 -35 0
2026 296 -295 0
2026 12 -228 0
2026 36 -236 0
2026 -32 1 33 130 -2 31 0
2026 9 -427 0
2026 -93 -20 0
2026 37 -27 39 -23 342 -38 0
2026 -163 -1 0
2026 -163 -2 0
2026 -172 -33 0
2026 -22 -306 0
2026 226 -254 233 240 246 219 253 0
2026 -319 322 0
2026 102 -23 -18 -101 -100 0
2026 68 -59 0
2026 -334 -37 0
2026 -143 -29 0
2026 -30 -163 0
2026 18 -313 0
2026 -32 -354 0
2026 377 -374 0
2026 -157 28 0
2026 -398 -1 -2 0
2026 -192 -7 0
2026 -314 39 0
2026 10 -422 0
2026 -168 -1 -2 0
2026 55 -9 0
2026 17 294 0
2026 17 267 0
2026 -32 -31 33 3 179 -7 0
2026 128 -124 0
2026 1 2 -29 129 28 30 0
2026 170 -149 0
2026 -150 28 0
2026 88 -82 0
2026 88 -79 0
2026 65 15 0
2026 387 0
2026 39 265 -17 -13 -38 -37 0
2026 -32 -361 0
2026 212 0
2026 217 -219 0
2026 -102 23 0
2026 -165 -34 0
2026 -3 -177 0
2026 -10 -49 0
2026 289 290 291 292 -293 0
2026 -395 -2 0
2026 258 37 39 -17 -13 -38 0
2026 -22 -97 0
2026 418 27 0
2026 -38 -166 0
2026 -31 -172 0
2026 -198 11 0
2026 121 -5 0
2026 -77 78 0
2026 -379 -42 0
2026 -31 -228 0
2026 16 -71 -14 15 0
2026 176 7 0
2026 198 10 -11 -9 -7 -197 -196 0
2026 -30 -171 0
2026 380 -372 0
2026 -404 405 0
2026 2 -146 0
2026 -22 -299 0
2026 -8 -426 0
2026 -36 -180 0
2026 -29 -241 0
2026 -341 -36 0
2026 -38 -188 0
2026 17 -279 0
2026 280 -279 0
2026 -366 380 0
2026 -191 212 0
2026 -27 38 39 -23 370 -37 0
2026 1 2 163 28 29 30 0
2026 266 -268 0
2026 -23 -373 0
2026 -191 -9 0
2026 -8 -247 0
2026 24 -104 0
2026 -12 -243 0
2026 -32 -326 0
2026 -121 -120 122 -3 -1 0
2026 -271 273 0
2026 -318 -22 0
2026 -15 -69 0
2026 -279 39 0
2026 -285 -36 0
2026 -23 -351 -27 0
2026 32 -298 0
2026 -5 390 0
2026 3 -187 0
2026 -24 -337 0
2026 380 -379 0
2026 11 -49 0
2026 212 -177 0
2026 -416 18 0
2026 292 37 38 39 -17 -13 0
2026 -384 387 0
2026 -159 -2 0
2026 394 -395 0
2026 -21 -84 0
2026 78 0
2026 176 -177 0
2026 -199 -3 0
2026 50 -10 0
2026 -248 -33 0
2026 -6 -389 -4 5 0
2026 -304 -30 0
2026 -8 -221 0
2026 -392 -7 0
2026 -304 28 0
2026 -312 -31 0
2026 -337 -25 0
2026 91 -92 0
2026 -179 -33 0
2026 17 12 77 0
2026 -21 -274 -273 17 19 20 275 0
2026 -7 -396 0
2026 -158 -33 0
2026 140 -137 0
2026 32 1 -31 151 -2 -33 0
2026 422 9 11 -10 -8 0
2026 -256 17 0
2026 -278 13 0
2026 96 17 -95 22 0
2026 -113 -25 0
2026 -372 23 0
2026 34 -306 0
2026 -87 -18 0
2026 21 -89 0
2026 32 -22 18 312 31 -33 0
2026 -310 309 0
2026 -159 161 0
2026 64 66 67 59 -68 62 63 0
2026 128 -123 0
2026 273 -275 0
2026 -16 -75 14 15 0
2026 -187 -35 0
2026 -221 12 0
2026 29 -178 0
2026 25 -310 0
2026 36 -18 306 22 -35 -34 0
2026 -30 -213 0
2026 -360 30 0
2026 38 -265 0
2026 -328 329 0
2026 -229 -35 0
2026 -262 -17 0
2026 -6 -162 0
2026 315 -314 0
2026 -218 -217 8 14 16 -15 219 0
2026 -342 38 0
2026 -38 -202 0
2026 359 40 41 -42 -358 27 -357 0
2026 -360 -23 0
2026 -235 31 0
2026 35 36 12 243 -8 -34 0
2026 -135 133 0
2026 25 -303 0
2026 -14 -253 0
2026 50 -52 0
2026 251 -250 0
2026 17 -282 0
2026 280 -282 0
2026 -6 -393 0
2026 32 -31 33 3 200 -7 0
2026 -165 -2 0
2026 -160 -39 0
2026 -200 203 0
2026 18 13 87 0
2026 -48 -419 0
2026 -304 -18 0
2026 18 -82 0
2026 -352 41 0
2026 -24 -22 114 25 26 27 0
2026 -135 -1 0
2026 296 0
2026 168 1 0
2026 34 -362 0
2026 -388 -4 0
2026 -253 254 0
2026 88 -87 0
2026 -39 -292 0
2026 -264 34 0
2026 8 218 0
2026 -49 -9 0
2026 -220 29 0
2026 -8 -12 -218 0
2026 8 -237 0
2026 295 19 20 21 -294 -293 0
2026 -319 31 0
2026 -99 -26 0
2026 -298 -18 0
2026 -208 -39 0
2026 394 -5 0
2026 16 70 0
2026 -12 -234 0
2026 5 7 392 -6 -4 0
2026 25 -103 0
2026 -137 31 0
2026 -226 15 0
2026 11 55 0
2026 16 -69 0
2026 27 358 0
2026 125 5 0
2026 401 0
2026 -342 23 0
2026 -22 -309 -18 0
2026 -130 -33 0
2026 19 -268 0
2026 1 -139 0
2026 -213 -12 0
2026 -312 33 0
2026 -112 110 0
2026 -320 -22 0
2026 8 406 0
2026 -16 61 0
2026 -137 -33 0
2026 -21 -19 20 22 93 0
2026 -159 -35 0
2026 -375 377 0
2026 -294 -13 -17 0
2026 -366 364 0
2026 9 50 0
2026 -135 134 0
2026 -330 22 0
2026 -229 -12 0
2026 32 354 -27 23 31 -33 0
2026 37 38 -17 272 -13 -39 0
2026 -263 266 0
2026 -124 -3 0
2026 -235 238 0
2026 -240 238 0
2026 -261 260 0
2026 224 -223 0
2026 36 -313 0
2026 161 -158 0
2026 21 95 0
2026 -240 254 0
2026 -416 417 0
2026 -160 161 0
2026 8 -422 0
2026 18 -85 13 86 0
2026 -310 18 0
2026 9 -426 0
2026 -102 100 0
2026 -334 22 0
2026 -27 -346 0
2026 -355 23 0
2026 -29 -234 0
2026 -363 39 0
2026 51 -10 0
2026 -171 -3 0
2026 40 -352 0
2026 -324 -25 0
2026 -376 -39 0
2026 -30 3 7 185 28 29 0
2026 -382 387 0
2026 1 -133 4 6 135 -134 -5 0
2026 -392 -5 0
2026 -163 167 0
2026 -38 -321 0
2026 -359 380 0
2026 -342 343 0
2026 198 204 -212 177 211 184 191 0
2026 37 38 39 166 -2 -1 0
2026 -104 18 0
2026 -319 -18 0
2026 -38 -363 0
2026 -310 -26 0
2026 -181 182 0
2026 -320 322 0
2026 -366 -41 0
2026 380 -345 0
2026 -154 150 151 152 153 0
2026 34 -194 0
2026 -332 -18 0
2026 8 -249 0
2026 197 7 0
2026 -324 22 0
2026 13 -265 0
2026 -28 -185 0
2026 -272 13 0
2026 26 110 0
2026 34 36 299 -18 22 -35 0
2026 32 33 -22 332 18 31 0
2026 -52 12 0
2026 8 239 0
2026 -30 -28 18 22 29 318 0
2026 323 22 0
2026 -30 -220 0
2026 -182 178 179 180 181 0
2026 -149 -4 0
2026 -2 0
2026 -1 0
2026 -30 -205 0
2026 -215 35 0
2026 37 39 174 -7 -38 -3 0
2026 -404 7 0
2026 24 -105 26 -25 0
2026 -62 13 0
2026 18 -299 0
2026 4 5 388 -7 -6 0
2026 -32 33 3 172 -7 31 0
2026 -408 45 0
2026 -14 -233 0
2026 2 -381 0
2026 38 39 328 -22 -18 -37 0
2026 140 -138 0
2026 -23 -107 0
2026 37 -27 38 39 -23 376 0
2026 -37 -258 0
2026 121 -122 0
2026 -391 389 0
2026 -37 -292 0
2026 -32 -31 33 -22 305 18 0
2026 2 -156 0
2026 -92 22 0
2026 -59 13 0
2026 16 -15 14 -65 0
2026 -76 -12 0
2026 -13 -289 0
2026 -302 -22 -18 0
2026 13 294 0
2026 -237 37 0
2026 -236 -35 0
2026 -15 -253 0
2026 212 -211 0
2026 -64 -13 0
2026 -119 -6 0
2026 22 -321 0
2026 -327 34 0
2026 32 1 144 31 -2 -33 0
2026 -38 -244 0
2026 209 -205 0
2026 -30 -178 0
2026 -18 -297 0
2026 -13 -261 0
2026 -179 31 0
2026 -186 7 0
2026 -31 -374 0
2026 -207 -35 0
2026 50 11 0
2026 -30 -157 0
2026 -331 -18 0
2026 4 -123 0
2026 -21 85 0
2026 -8 -213 0
2026 -171 29 0
2026 2 35 34 36 165 -1 0
2026 -288 13 0
2026 391 -7 -390 -389 -2 0
2026 -221 31 0
2026 34 35 7 187 -36 -3 0
2026 32 -31 8 235 -12 -33 0
2026 -177 175 0
2026 -38 -237 0
2026 -14 -69 0
2026 -30 -241 0
2026 -142 4 0
2026 -155 -1 -2 0
2026 -207 -36 0
2026 189 -185 0
2026 -298 -33 0
2026 2 -139 0
2026 -109 118 0
2026 -20 -19 18 83 21 0
2026 -96 -22 0
2026 -24 25 26 -111 0
2026 410 -411 0
2026 -131 133 0
2026 344 27 0
2026 2 35 36 -1 -34 159 0
2026 -307 37 0
2026 274 -275 0
2026 -221 -33 0
2026 -8 -228 0
2026 20 85 0
2026 -199 -29 0
2026 320 35 -18 22 -36 -34 0
2026 3 6 -5 123 -4 0
2026 133 -129 0
2026 -230 -37 0
2026 -29 -185 0
2026 1 -165 0
2026 -13 -284 0
2026 -388 6 0
2026 -53 -10 0
2026 8 3 430 0
2026 -7 -44 -3 404 0
2026 -38 -146 0
2026 -246 245 0
2026 33 -193 0
2026 -16 -253 0
2026 338 -317 0
2026 -348 350 0
2026 91 -21 0
2026 -20 -275 0
2026 -32 -31 33 263 13 -17 0
2026 308 -305 0
2026 -198 -10 0
2026 -12 -227 0
2026 -29 3 7 171 28 30 0
2026 -368 -23 0
2026 -422 -11 0
2026 32 33 8 -12 248 31 0
2026 32 -221 0
2026 408 -409 407 0
2026 33 -151 0
2026 32 33 -27 374 23 31 0
2026 -51 -50 -12 52 -7 0
2026 16 -14 -61 15 0
2026 -160 2 0
2026 36 -23 27 348 -35 -34 0
2026 -105 18 106 23 0
2026 -112 118 0
2026 34 35 36 333 -18 22 0
2026 -318 -18 0
2026 27 117 22 0
2026 1 -162 0
2026 -32 -186 0
2026 266 -265 0
2026 -79 -19 0
2026 30 -185 0
2026 -208 3 0
2026 357 -353 0
2026 409 0
2026 120 4 0
2026 19 -282 0
2026 -300 301 0
2026 -23 -367 0
2026 -143 -1 0
2026 -143 -2 0
2026 1 -138 0
2026 -8 -219 0
2026 -39 -202 0
2026 1 134 0
2026 364 -363 0
2026 18 316 0
2026 9 51 0
2026 -2 -145 0
2026 -341 343 0
2026 10 428 0
2026 -32 -164 0
2026 352 -380 359 366 372 345 379 0
2026 -114 -25 0
2026 365 23 0
2026 308 -306 0
2026 171 172 173 174 -175 0
2026 325 326 327 328 -329 0
2026 -86 -13 0
2026 -138 -2 0
2026 33 -361 0
2026 118 -114 0
2026 -12 -241 0
2026 -13 -67 0
2026 16 -73 0
2026 -166 167 0
2026 -165 167 0
2026 1 2 -29 -28 136 30 0
2026 -278 36 0
2026 -32 -290 0
2026 37 -202 0
2026 170 -142 0
2026 -399 -43 0
2026 35 -299 0
2026 -189 185 186 187 188 0
2026 -7 -3 -402 0
2026 -30 -289 0
2026 -131 -34 0
2026 -86 85 0
2026 32 -305 0
2026 -8 -67 0
2026 74 15 16 17 -14 -12 0
2026 41 -345 0
2026 189 -186 0
2026 -29 -289 0
2026 224 -226 0
2026 -79 20 0
2026 -30 18 22 311 28 29 0
2026 218 12 0
2026 -35 -313 0
2026 -36 -249 0
2026 -23 -345 0
2026 -192 -29 0
2026 33 -270 0
2026 -237 12 0
2026 -320 34 0
2026 -356 23 0
2026 58 -57 0
2026 -325 28 0
2026 -74 -17 0
2026 -93 21 0
2026 -148 -1 -2 0
2026 405 0
2026 -303 338 0
2026 -211 -11 0
2026 163 164 165 166 -167 0
2026 -72 70 0
2026 18 107 23 0
2026 8 -230 0
2026 -420 23 0
2026 -216 12 0
2026 34 -243 0
2026 273 -269 0
2026 101 -26 0
2026 8 -223 0
2026 -279 37 0
2026 68 -66 0
2026 -8 -406 -12 0
2026 -334 18 0
2026 -47 -415 0
2026 -288 17 0
2026 -54 58 0
2026 -304 -22 0
2026 -134 -1 -2 0
2026 25 100 0
2026 256 257 258 -259 255 0
2026 10 -177 0
2026 -373 -28 0
2026 -152 154 0
2026 32 1 -31 33 158 -2 0
2026 -31 -298 0
2026 -5 -162 0
2026 -15 61 0
2026 161 -157 0
2026 81 -21 0
2026 21 20 -19 -81 0
2026 99 -25 -23 24 26 0
2026 -158 31 0
2026 -164 167 0
2026 -13 -277 0
2026 -390 -4 5 6 0
2026 -149 148 0
2026 194 35 7 -36 -3 -34 0
2026 -34 -145 0
2026 203 -202 0
2026 387 -386 0
2026 29 -297 0
2026 -7 -57 0
2026 182 -178 0
2026 -32 -228 0
2026 -291 -34 0
2026 -104 -23 0
2026 -277 31 0
2026 378 27 0
2026 394 6 0
2026 -39 -166 0
2026 -15 75 0
2026 1 141 0
2026 -13 -276 0
2026 -3 -186 0
2026 -16 -219 0
2026 -32 -235 0
2026 -352 23 0
2026 -8 -241 0
2026 218 -219 0
2026 -151 154 0
2026 -237 238 0
2026 35 12 236 -8 -36 -34 0
2026 -127 -1 0
2026 381 -1 -2 0
2026 10 -11 -50 -9 0
2026 225 -226 0
2026 -28 -289 0
2026 -32 -284 0
2026 -59 15 0
2026 8 -246 0
2026 -23 -339 0
2026 -367 -27 0
2026 -128 119 122 123 124 126 127 0
2026 267 13 0
2026 32 -31 13 -17 277 -33 0
2026 -219 15 0
2026 32 -347 0
2026 -38 -250 0
2026 373 23 27 28 29 30 0
2026 -272 -38 0
2026 -240 12 0
2026 -360 -29 0
2026 -236 238 0
2026 -166 -37 0
2026 9 -204 0
2026 -295 -19 0
2026 -375 23 0
2026 -27 -22 112 -111 -110 0
2026 -307 38 0
2026 -252 -251 14 15 16 253 0
2026 338 -324 0
2026 -62 61 0
2026 -384 17 0
2026 -107 -18 0
2026 -317 -25 0
2026 12 -49 0
2026 -207 3 0
2026 42 -366 0
2026 -25 -24 103 23 26 0
2026 -139 37 0
2026 -29 -325 0
2026 -184 212 0
2026 39 181 -7 -38 -37 -3 0
2026 -227 30 0
2026 2 -164 0
2026 -72 71 0
2026 27 -361 0
2026 -367 -30 0
2026 -131 -2 0
2026 195 38 -7 -37 -39 -3 0
2026 331 332 333 334 -335 0
2026 -99 23 0
2026 -12 -220 0
2026 -22 -313 0
2026 -29 -283 0
2026 -126 -1 0
2026 -326 22 0
2026 28 -220 0
2026 32 -256 0
2026 -327 -35 0
2026 -347 -33 0
2026 -328 -39 0
2026 -348 23 0
2026 -340 343 0
2026 -28 -171 0
2026 72 -17 -12 -71 -70 0
2026 -4 125 0
2026 -159 34 0
2026 -85 19 -20 21 0
2026 -253 252 0
2026 16 -240 0
2026 -280 276 277 278 279 0
2026 18 -306 0
2026 353 -30 23 27 28 29 0
2026 -262 29 0
2026 34 -222 0
2026 -20 -18 79 19 21 0
2026 -347 31 0
2026 428 -11 0
2026 121 -6 0
2026 -79 -21 0
2026 418 -419 0
2026 -96 98 0
2026 -22 -117 0
2026 37 -370 0
2026 36 12 222 -8 -35 -34 0
2026 -116 118 0
2026 115 -116 0
2026 -215 -34 0
2026 -119 5 0
2026 -205 -3 0
2026 -290 -33 0
2026 -269 30 0
1 43 0
1 44 0
1 45 0
1 46 0
1 47 0
1 48 0
